900
2970
11826
25171
22754
18512
7402
8670
2152
15243
22797
23090
3704
15482
15397
8575
16
17777
27457
3178
21461
5331
1096
30221
6661
21813
13708
2367
28845
4288
29602
28438
2076
29655
16754
18091
19351
8954
16010
18973
590
10219
28600
17625
31887
14863
30167
16152
8506
26134
9961
681
28533
22751
15718
23792
18592
20885
4564
16943
5772
32543
4760
13828
8679
19639
28172
7475
11515
25048
8913
23718
9881
22878
27239
27058
2383
29673
12794
12188
15073
18818
5503
28252
32759
16001
4352
30368
22548
16301
23604
26388
21959
2470
9299
20193
18213
32640
6184
22899
17014
21681
31336
26496
27439
3629
11842
14662
801
7887
29239
3604
7151
8955
15660
23819
31941
32642
29118
2854
4167
26565
23509
17016
28360
3870
11388
20149
22717
2427
26608
8948
13681
8012
31222
27827
27130
6304
25714
22556
7275
17290
15414
27015
14155
14794
26648
4159
16710
10665
22087
22153
23843
9765
7135
21218
1526
16974
12986
16009
23447
31728
18826
21821
4946
14706
23076
25160
24800
24318
31263
7868
27542
16099
6558
17661
9181
26935
9322
32127
3298
7872
14660
2257
20111
27413
27513
19163
9145
10752
17078
7012
30875
31783
27934
32727
19843
28395
22426
12870
12747
23441
8304
6575
27403
16799
6168
6014
7309
8329
17483
20052
769
5261
6492
17927
6258
15068
24011
4330
13433
8442
27672
22094
31921
17255
18133
26184
14698
24447
13055
15029
25250
7327
19598
2428
31025
20617
18763
19475
67
25354
24034
24645
11019
5338
31032
9778
4790
11715
18942
16279
2206
22021
17031
21583
22721
7930
3798
26
4209
32502
12540
19870
7501
17521
14241
25259
22639
17512
17120
16835
20967
18432
19288
17626
28776
32109
24447
13658
14658
28690
19258
9578
21648
19433
23979
28272
8627
28710
16714
30932
28671
5399
6712
12552
12211
2383
24272
19909
12079
18947
7806
19351
14433
31412
10964
16795
8833
14
22234
29575
11262
16913
16550
17644
12472
22894
22829
29112
4207
11316
7769
12287
22907
15787
15196
7931
3006
13696
835
10065
2008
25123
31182
12437
32409
14958
24191
20497
29884
8839
28145
21698
11986
30727
19819
21668
6524
10588
21685
7984
477
23660
10794
14626
12879
26746
25871
17791
18261
10062
10787
32727
20690
24976
30327
11207
4984
23158
3200
7619
32386
16031
14187
16658
10662
31294
22704
16154
28485
14970
29674
11230
30438
7701
11494
23493
17378
22860
27642
18077
7264
20735
7320
7135
23684
28946
14882
27701
2532
16915
7936
3129
15164
541
18929
5248
10338
17660
3486
8919
30332
24465
24181
16588
5232
8824
12980
4977
15260
10217
10436
14428
26824
14556
26569
29682
24920
3441
28279
5350
6342
27790
17447
12540
2640
28362
16426
7955
23278
26762
23389
21090
22407
16233
16381
31490
9060
11998
3005
4012
10981
16409
30742
9413
11891
31021
23775
13463
31157
1908
16669
15586
6919
26927
28188
21907
12072
23150
14527
9427
5426
2352
29972
21571
7888
21706
18475
27526
4267
7309
19497
13313
1829
24995
15000
2526
4938
16442
4353
15959
9219
997
25533
28465
3981
23358
21256
30598
20778
28369
22103
24008
20247
24373
20972
25347
15549
28284
10919
5986
27947
22734
19487
6133
10692
8272
21745
22961
24885
20554
23896
9657
17067
31626
3070
10972
6466
31235
27922
18526
31680
10682
16283
30203
9347
14051
11532
27945
1464
12102
7960
30622
28110
25832
10183
1810
20522
25576
12234
31302
1565
32679
24332
13125
7187
15147
29577
25321
32525
4294
31331
11682
7761
23794
7986
3443
21855
28800
1436
5437
12840
3570
24871
31040
27515
22053
16202
223
7104
26675
14282
17827
5096
14487
30532
25475
23204
25490
22533
32355
11221
32462
32034
16602
3140
11842
9158
14392
17812
85
7878
12744
24181
21830
12411
32082
25370
21963
14032
14564
4588
15608
23962
2514
16512
31075
19240
26364
3270
27014
31515
22607
11908
14180
15224
20367
32003
6000
32764
32339
32009
28330
32688
19793
2822
9227
20669
22747
30098
8483
30336
5802
7191
17921
5601
2267
26059
21587
17377
8759
9442
5582
8819
16311
14849
16848
16269
23367
3061
26180
27262
23499
10149
22471
29570
9824
7237
27912
2452
21732
26573
2421
10883
13752
1962
15124
22856
30916
435
28590
3735
11708
31070
1331
6068
30626
9524
14682
22408
6541
14466
15496
7668
16552
5458
27635
2405
12157
23193
30471
9897
11892
8882
29705
17153
26006
1547
10234
9335
919
13855
1470
7281
22036
17572
10365
10375
14105
27397
19786
5522
29670
26130
4098
22789
4339
14839
28535
5249
3889
29290
23758
30627
5779
13097
23078
29729
10701
11428
27771
30741
18268
18678
25801
8856
7110
9498
17524
9875
10531
10844
16615
20434
2012
23565
10875
24154
9395
11643
15003
11261
8195
29729
3367
20523
12873
18970
18709
13835
14820
29916
15454
22730
22041
9250
28440
6708
13146
7466
29151
26497
27848
9761
27514
8305
9974
17884
10684
29851
18416
11208
14759
11009
28796
21540
19160
2025
6815
15469
25119
17640
355
15386
8045
20288
13784
21898
6899
16492
1369
4923
7560
17656
5392
17724
14411
26006
22205
13029
32650
26223
15026
5317
27875
12471
17186
27356
11433
31364
23708
778
23178
8416
8147
17352
29038
26652
24736
3862
29345
5736
11850
20916
2101
7329
10500
4757
9890
16746
20663
5777
29104
638
12546
27738
26775
8261
3712
29873
7524
1957
31049
15066
31646
3610
26811
12621
25130
13321
17530
9902
5228
24913
32437
1791
18095
20516
9131
15637
18887
6677
622
18504
6644
7025
21223
23151
21770
8403
32027
4620
23503
4851
26028
9411
8869
5311
25507
3601