10
5 1
2 1 2 5 1 6 5 3 6 4 
5 1
2 6 6 4 6 5 4 1 5 3 
10 5
7 6 7 4 6 9 4 11 9 5 11 8 5 3 5 2 8 1 8 10 
50 21
9 4 4 40 40 18 40 11 18 44 11 33 11 49 44 31 44 35 33 5 33 50 49 30 31 25 31 21 35 38 5 48 5 45 50 19 30 37 30 15 25 6 21 23 21 29 38 41 38 47 48 26 45 20 45 42 19 28 37 34 15 10 6 2 23 8 23 36 29 3 41 22 41 43 47 17 26 46 20 51 42 39 28 32 28 24 34 14 34 1 10 16 10 12 2 27 8 13 8 7 
100 19
69 47 69 60 47 14 47 68 60 39 60 19 14 86 14 25 68 97 68 37 39 38 39 34 19 85 19 3 86 8 25 81 97 95 97 31 37 24 38 42 34 28 85 78 3 89 8 84 81 9 81 56 95 53 31 35 24 75 42 88 42 87 28 76 28 73 78 92 78 67 89 45 89 17 84 16 84 41 9 61 56 12 53 65 35 1 35 10 75 57 75 64 88 23 88 58 87 30 76 40 76 66 73 55 92 71 67 83 67 51 45 43 45 59 17 7 16 29 16 20 41 90 61 98 61 79 12 82 12 4 65 93 65 80 1 21 10 63 57 26 57 11 64 36 64 91 23 6 58 18 30 94 40 96 40 15 66 13 66 77 55 70 55 5 71 48 71 46 83 44 51 49 43 22 43 52 59 27 59 62 7 74 29 99 20 101 20 50 90 33 90 100 98 2 98 72 79 54 79 32 
100 30
54 93 54 11 93 56 11 45 56 20 56 5 45 30 45 58 20 27 20 59 5 74 30 28 30 33 58 70 27 101 59 9 59 90 74 26 74 29 28 17 33 38 70 83 70 85 101 75 9 13 90 73 90 36 26 52 29 57 17 82 38 66 83 7 83 71 85 2 75 92 75 18 13 50 73 21 73 41 36 62 36 61 52 65 57 47 57 64 82 78 82 69 66 67 7 98 7 88 71 32 71 31 2 97 92 81 18 51 50 100 50 63 21 23 41 10 62 15 62 22 61 3 65 95 47 24 64 1 64 4 78 35 78 55 69 79 69 72 67 91 98 40 88 8 88 60 32 89 32 42 31 46 31 34 97 25 81 76 51 48 100 6 100 39 63 77 63 86 23 12 23 87 10 84 15 37 22 99 3 19 95 80 24 68 24 94 1 43 4 16 35 96 55 14 55 44 79 49 72 53 
300 104
118 17 17 16 16 155 155 55 55 84 84 104 84 20 104 110 20 215 110 206 110 13 215 199 215 202 206 82 13 264 199 7 202 196 202 107 82 36 82 294 264 269 7 71 7 14 196 218 196 213 107 188 107 52 36 166 294 101 294 252 269 291 269 138 71 130 14 289 218 205 213 22 188 297 52 189 166 54 101 146 101 240 252 50 252 220 291 168 138 116 138 119 130 285 130 248 289 299 289 46 205 236 205 190 22 126 297 51 189 300 54 301 54 201 146 207 240 233 50 134 50 21 220 97 168 179 116 183 116 171 119 75 119 203 285 184 248 231 248 121 299 181 299 70 46 4 236 133 236 216 190 243 126 98 51 77 51 197 300 262 300 165 301 292 201 124 201 9 207 39 207 23 233 229 233 278 134 295 21 161 21 214 97 135 179 157 179 3 183 194 171 279 75 274 203 60 184 211 184 95 231 227 121 127 121 79 181 160 181 298 70 241 4 111 4 128 133 232 133 72 216 275 243 131 243 41 98 172 98 259 77 59 77 167 197 109 197 102 262 284 165 63 165 251 292 282 124 145 124 38 9 30 39 280 23 143 229 108 278 176 278 154 295 117 161 105 161 5 214 255 135 221 135 27 157 129 3 86 3 158 194 162 194 62 279 15 279 226 274 150 274 228 60 1 211 11 211 272 95 263 227 64 127 113 127 137 79 123 79 244 160 151 160 148 298 90 241 177 241 256 111 43 128 122 128 268 232 265 232 61 72 175 275 132 131 178 131 187 41 99 172 114 259 185 259 296 59 120 59 276 167 56 167 258 109 92 102 35 284 238 63 156 251 193 282 91 145 147 145 266 38 208 38 152 30 253 30 257 280 125 280 26 143 249 143 273 108 281 176 239 154 153 117 261 117 49 105 74 105 2 5 225 5 85 255 12 255 200 221 219 27 204 129 34 129 32 86 18 86 40 158 89 162 170 162 8 62 271 62 287 15 93 226 67 226 144 150 87 150 80 228 112 1 47 1 180 11 140 272 58 272 6 263 212 263 115 64 223 113 76 113 242 137 88 137 42 123 267 244 209 151 96 151 73 148 69 90 230 90 234 177 164 256 66 43 235 122 283 268 48 268 78 265 142 265 217 61 10 61 290 175 45 132 192 178 68 187 237 187 198 99 250 99 163 114 288 185 31 185 247 296 57 296 33 120 136 276 149 56 186 258 174 258 65 92 277 35 246 238 224 156 103 193 254 193 19 91 24 91 159 147 106 147 44 266 81 266 191 208 100 152 195 152 286 253 169 257 141 125 29 26 260 26 270 249 173 273 83 281 53 281 245 239 25 153 37 261 210 49 222 74 182 74 293 2 28 225 139 85 94 
400 184
83 358 358 78 358 193 78 268 193 223 268 184 223 234 223 329 184 11 234 376 234 328 329 324 11 305 376 255 376 313 328 41 328 238 324 208 305 254 255 162 313 21 41 343 238 124 208 74 254 199 162 280 21 89 21 180 343 99 124 393 74 218 74 57 199 214 199 72 280 119 280 303 89 19 89 226 180 220 180 3 99 304 393 299 393 82 218 200 218 263 57 169 57 391 214 278 214 155 72 60 72 27 119 320 119 379 303 398 303 192 19 306 226 55 220 300 3 206 3 189 304 290 304 104 299 294 299 87 82 298 200 188 263 139 169 32 169 227 391 251 391 217 278 38 155 239 60 215 60 130 27 203 320 316 379 71 379 342 398 103 398 132 192 115 192 28 306 90 55 40 300 16 300 243 206 270 206 336 189 283 189 363 290 386 290 171 104 248 294 186 87 31 87 148 298 65 298 259 188 205 139 42 32 43 227 53 227 8 251 332 217 2 217 385 38 222 38 219 239 245 239 22 215 309 215 307 130 114 203 334 203 166 316 322 316 143 71 9 342 380 342 236 103 260 132 383 132 149 115 345 115 355 28 77 90 207 40 73 40 100 16 25 16 177 243 151 243 373 270 138 270 67 336 161 283 95 283 352 363 175 363 164 386 191 171 265 248 341 248 350 186 237 31 86 148 172 148 98 65 29 259 360 259 134 205 326 205 131 42 47 42 187 43 271 43 140 53 308 8 225 332 337 332 81 2 282 2 26 385 281 222 359 219 288 219 242 245 284 245 330 22 107 22 183 309 92 309 182 307 395 114 253 114 36 334 312 334 68 166 63 166 244 322 276 322 7 143 10 143 261 9 361 380 61 380 194 236 258 260 173 383 12 383 94 149 381 345 374 345 296 355 344 77 88 207 378 207 85 73 123 73 80 100 240 100 141 25 399 177 156 151 64 373 389 373 181 138 301 138 79 67 145 67 221 161 56 95 335 95 327 352 204 175 310 164 293 164 39 191 230 191 274 265 267 265 96 341 272 341 108 350 292 350 297 237 333 86 125 172 4 98 338 29 37 360 241 134 285 134 354 326 195 326 387 131 325 47 5 187 113 187 368 271 35 271 112 140 147 140 157 308 126 308 6 225 209 225 375 337 228 337 340 81 311 282 117 282 362 26 233 281 256 281 154 359 30 288 153 242 160 284 364 284 295 330 372 107 351 183 137 92 377 92 250 182 159 182 321 395 111 395 133 253 302 36 48 36 264 312 356 68 109 63 150 244 170 244 349 276 51 276 275 7 346 7 396 10 257 10 269 261 128 261 252 361 110 361 287 61 198 194 249 258 101 258 167 173 97 12 136 94 120 94 58 381 144 381 196 374 367 296 369 344 397 88 121 378 15 378 102 85 116 123 277 80 70 80 366 240 314 141 392 399 401 399 76 156 105 64 158 64 348 389 106 389 339 181 17 301 54 301 66 79 353 79 266 145 347 221 129 221 318 56 289 56 127 335 185 335 93 327 179 204 152 204 146 310 1 310 135 293 44 293 69 39 52 230 382 230 201 274 84 267 45 96 176 272 390 108 168 108 212 292 142 292 319 297 14 297 174 333 246 125 370 4 210 4 400 338 163 338 232 37 394 241 34 285 20 285 33 354 211 195 202 195 229 387 197 387 279 325 46 5 224 5 91 113 291 368 23 368 273 35 213 112 357 147 231 157 62 157 365 126 24 126 384 6 235 6 216 209 315 375 323 375 50 228 122 228 317 340 262 311 13 117 75 362 49 362 178 233 59 233 371 256 118 256 18 154 190 30 286 30 388 153 165 153 247 160 331 
500 307
134 326 134 54 326 451 54 456 451 269 451 455 456 389 269 442 455 307 389 116 442 424 442 8 307 72 307 268 116 470 116 179 424 38 424 144 8 395 72 88 72 401 268 230 268 159 470 280 179 462 38 112 38 135 144 83 144 449 395 355 88 183 88 30 401 11 230 459 159 200 159 378 280 412 280 450 462 473 462 101 112 27 112 303 135 393 135 460 83 316 83 12 449 76 355 368 355 82 183 103 183 379 30 250 30 343 11 421 11 173 459 241 459 219 200 317 378 222 378 444 412 367 450 41 473 399 473 394 101 337 101 320 27 381 303 158 393 331 460 180 316 221 12 14 12 293 76 165 76 47 368 498 368 239 82 341 103 335 103 216 379 489 379 324 250 164 343 40 343 97 421 314 173 248 173 190 241 129 219 403 317 407 317 467 222 380 444 81 367 31 367 77 41 186 399 265 394 484 394 247 337 126 320 58 381 259 381 243 158 397 331 322 331 174 180 75 180 371 221 56 221 301 14 427 293 359 165 198 47 388 47 60 498 177 239 390 239 289 341 336 341 196 335 142 335 274 216 479 216 115 489 327 324 29 164 325 164 385 40 352 97 258 97 169 314 175 314 149 248 145 190 332 190 309 129 298 129 1 403 499 403 319 407 225 407 232 467 370 467 360 380 443 81 152 81 130 31 391 31 302 77 50 77 121 186 404 265 15 484 181 484 252 247 33 126 182 58 89 58 67 259 65 259 106 243 321 243 162 397 123 397 342 322 19 322 471 174 486 174 132 75 413 75 315 371 357 371 432 56 114 301 64 427 108 359 7 359 426 198 447 388 275 60 240 177 156 177 262 390 264 390 212 289 35 336 296 336 500 196 290 142 62 142 374 274 271 479 178 115 276 115 206 327 448 327 59 29 347 29 118 325 127 385 346 352 147 258 333 258 95 169 23 169 184 175 282 175 429 149 306 149 496 145 349 145 102 332 233 309 318 309 25 298 99 298 409 1 410 1 189 499 465 319 468 319 256 225 285 232 148 232 414 370 131 370 74 360 202 360 242 443 501 152 204 130 281 130 87 391 430 302 117 302 339 50 272 121 18 121 351 404 92 404 440 15 188 181 345 252 86 33 433 182 273 182 428 89 420 89 143 67 358 67 193 65 224 106 487 106 312 321 478 162 98 162 263 123 163 123 452 342 37 19 481 19 154 471 472 486 32 486 277 132 119 413 61 413 338 315 474 315 305 357 387 357 299 432 266 432 493 114 100 114 441 64 70 108 213 7 405 7 488 426 329 447 223 447 253 275 192 240 170 240 228 156 141 262 21 264 260 212 453 212 139 35 20 35 120 296 10 500 373 290 235 62 244 62 199 374 42 374 44 271 150 271 246 178 217 276 445 276 297 206 454 448 422 448 111 59 497 347 229 118 361 127 311 127 28 346 187 147 205 333 218 95 261 23 226 23 155 184 214 282 227 429 364 306 168 496 415 496 172 349 464 102 485 233 157 233 80 318 220 25 278 25 446 99 425 409 208 410 461 189 66 189 6 465 71 468 138 468 249 256 408 256 109 285 26 148 46 414 201 131 328 131 255 74 211 202 434 242 490 242 377 501 495 501 402 204 237 281 437 87 90 430 288 117 469 339 292 339 334 272 140 272 482 18 270 18 3 351 353 351 93 92 350 92 36 440 53 440 310 188 406 345 91 345 69 86 356 433 396 273 160 428 57 420 17 420 295 143 4 143 386 358 383 193 153 224 122 487 313 312 283 312 308 478 104 98 24 263 384 263 375 163 300 452 457 37 284 481 195 154 398 472 22 472 423 32 267 277 431 119 475 61 171 338 68 338 84 474 254 305 304 305 234 387 107 299 480 299 191 266 161 266 48 493 438 493 43 100 323 100 85 441 78 441 34 70 2 213 231 213 124 405 13 405 436 488 96 488 483 329 418 329 110 223 55 223 348 253 49 192 194 170 9 170 439 228 146 141 476 21 291 260 125 453 366 139 197 20 203 20 286 120 45 120 294 10 376 373 416 235 52 235 251 244 94 244 167 199 369 199 209 42 340 42 458 44 63 150 392 150 16 246 492 217 419 217 238 445 362 445 279 297 137 297 330 454 372 454 73 422 105 422 39 111 79 497 128 229 466 229 185 361 463 361 151 311 215 311 207 28 400 187 5 187 51 205 363 218 344 261 411 261 210 226 435 155 491 214 257 214 477 227 494 227 136 364 382 364 176 168 287 168 354 415 113 172 236 172 245 464 417 485 365 485 133 157 166 
1000 413
118 230 230 942 942 884 942 561 884 783 884 780 561 36 783 584 780 360 780 589 36 735 36 62 584 959 584 484 360 587 360 631 589 710 735 76 735 67 62 445 62 752 959 837 959 413 484 238 484 298 587 688 587 612 631 756 710 597 76 732 67 970 445 560 445 993 752 466 837 807 837 90 413 724 238 84 238 495 298 691 298 364 688 600 612 759 756 244 756 202 597 467 732 812 732 388 970 358 560 314 993 864 993 548 466 655 466 147 807 334 90 292 90 491 724 3 84 362 495 738 495 657 691 363 364 966 600 987 759 123 244 389 202 54 467 568 812 218 388 38 388 545 358 689 358 869 314 319 314 52 864 19 864 304 548 212 655 965 655 778 147 259 147 879 334 79 334 937 292 439 491 45 3 955 362 556 738 237 657 260 363 962 966 536 966 135 987 823 987 139 123 475 389 133 389 795 54 345 54 848 568 803 218 357 218 303 38 232 545 331 545 725 689 17 869 551 869 306 319 922 52 152 19 621 19 420 304 672 212 177 965 271 778 974 778 24 259 351 259 340 879 320 79 708 79 670 937 23 439 173 439 811 45 643 45 72 955 799 556 344 556 251 237 972 237 553 260 846 260 788 962 477 536 925 536 95 135 889 135 29 823 586 823 468 139 952 475 305 133 142 795 787 345 185 345 83 848 114 848 336 803 205 357 898 303 654 303 433 232 168 232 562 331 442 331 907 725 628 725 288 17 524 551 60 306 834 922 804 152 945 152 326 621 338 621 274 420 757 420 176 672 441 177 806 177 109 271 18 974 531 974 946 24 581 24 166 351 508 351 663 340 186 340 573 320 871 320 456 708 382 670 838 670 940 23 923 173 332 173 744 811 704 811 105 643 912 72 594 72 546 799 701 344 10 251 193 972 829 972 777 553 713 553 767 846 317 788 739 788 225 477 862 925 979 95 487 889 276 29 206 29 857 586 417 586 39 468 175 468 15 952 603 952 74 305 149 142 167 787 982 185 971 83 582 114 815 336 321 336 507 205 517 205 953 898 720 898 930 654 85 433 385 168 588 562 741 562 750 442 99 907 73 628 291 628 236 288 660 288 153 524 6 60 254 60 48 834 510 804 431 945 312 326 625 338 863 274 566 274 854 757 717 757 341 176 840 176 9 441 199 441 666 806 686 806 429 109 776 109 102 18 482 18 509 531 911 946 119 946 411 581 740 581 97 166 408 166 75 508 802 663 639 663 220 186 1 186 567 573 117 871 35 871 747 456 695 382 181 838 734 838 258 940 585 923 110 923 653 332 294 744 348 704 761 704 632 105 165 105 462 912 881 594 287 546 241 546 983 701 504 10 855 10 557 193 782 829 283 829 913 777 494 713 579 713 754 767 613 317 914 739 890 739 607 225 988 862 687 979 378 979 661 487 280 487 743 276 37 276 538 206 249 857 32 857 601 417 973 417 793 39 46 175 978 15 137 603 927 74 13 74 474 149 290 167 547 167 995 982 256 982 368 971 986 582 891 815 365 321 826 321 999 507 570 507 1001 517 131 517 641 953 685 953 991 720 926 930 707 930 219 85 41 385 784 385 844 588 760 741 658 750 116 750 622 99 719 73 310 291 721 236 896 236 511 660 98 153 872 153 583 6 451 254 892 48 444 510 247 431 718 431 820 312 164 625 356 863 614 566 140 566 155 854 325 854 293 717 716 341 213 840 817 9 151 199 698 666 144 666 636 686 59 429 690 429 668 776 503 776 58 102 64 102 563 482 20 482 231 509 113 509 350 911 246 119 849 411 968 740 644 97 127 97 66 408 835 75 810 75 753 802 860 802 903 639 393 639 818 220 861 220 852 1 715 1 103 567 792 117 870 117 712 35 775 747 709 747 825 695 273 181 678 734 240 258 384 585 61 110 128 110 424 653 437 294 800 348 263 348 163 761 267 632 902 632 591 165 526 462 867 462 171 881 101 287 82 287 257 241 975 241 565 983 169 983 873 504 476 855 286 557 650 782 448 782 372 283 490 283 500 913 981 913 850 494 192 579 311 754 501 754 893 613 136 613 373 914 694 914 324 890 948 890 819 607 876 988 580 687 126 687 182 378 209 661 371 280 605 743 916 37 71 538 335 538 516 249 42 32 496 601 453 601 40 973 652 793 956 46 245 978 91 978 943 137 425 137 602 927 957 927 554 13 106 474 619 474 527 290 125 290 604 547 282 547 575 995 934 256 183 368 132 368 369 986 296 891 529 365 7 826 252 999 521 999 635 570 624 1001 410 1001 407 131 915 131 909 641 532 685 146 991 697 991 731 926 322 707 677 707 313 219 540 41 525 784 180 844 272 844 187 760 989 760 233 658 513 658 43 116 845 116 141 622 992 719 824 310 5 310 404 721 671 721 279 896 486 896 895 511 196 98 699 98 623 872 381 583 485 583 865 451 426 451 302 892 242 444 124 444 518 247 939 247 549 718 530 718 608 820 156 820 839 164 774 356 949 614 492 614 905 140 936 155 347 325 239 293 749 293 572 716 901 213 2 817 728 817 266 151 179 151 11 698 104 698 882 144 315 144 984 636 188 59 809 690 55 668 576 503 651 58 339 64 342 64 234 563 300 20 789 20 184 231 592 113 386 113 318 350 401 246 56 849 14 968 214 968 772 644 330 127 638 66 51 66 285 835 781 810 664 810 590 753 498 860 284 860 483 903 107 903 522 393 836 818 656 861 88 852 976 715 49 715 398 103 843 792 223 870 626 870 944 712 615 712 659 775 877 709 645 709 796 825 457 273 627 678 295 678 680 240 798 240 929 384 682 61 145 61 649 128 150 128 997 424 81 424 726 437 675 800 25 800 662 263 416 163 958 267 343 902 736 902 906 591 681 526 329 526 69 867 847 867 593 171 642 101 281 82 523 257 814 257 616 975 723 975 447 565 630 169 215 169 452 873 733 873 996 476 428 476 897 286 794 650 405 650 89 448 268 448 349 372 454 490 928 490 221 500 361 500 702 981 773 850 771 192 366 192 797 311 842 311 449 501 392 501 764 893 700 893 80 136 248 373 941 373 919 694 502 324 791 948 204 948 270 819 574 876 367 580 558 580 886 126 100 126 868 182 779 182 465 209 878 209 197 371 352 605 143 605 70 916 189 916 94 71 908 335 47 516 191 42 633 42 629 496 519 453 541 40 748 40 77 652 742 956 617 956 921 245 397 245 16 91 499 91 394 943 337 425 533 425 711 602 346 957 264 554 299 106 637 106 115 619 370 619 87 527 472 527 30 125 714 125 856 604 195 604 255 282 423 575 609 575 172 934 768 183 409 183 830 132 138 369 161 369 412 296 278 296 874 529 443 529 947 7 931 7 514 252 963 252 904 521 12 635 758 624 297 410 769 407 705 915 832 915 805 909 933 909 92 532 722 532 63 146 27 697 544 697 493 731 765 731 883 322 506 322 406 677 786 313 683 313 134 540 564 525 301 180 489 180 552 272 634 187 78 989 918 989 488 233 535 513 354 513 159 43 1001 43 885 845 148 141 207 992 673 992 480 824 395 824 96 5 57 5 328 404 160 404 478 671 430 279 512 486 858 895 33 895 537 196 746 196 578 699 403 623 227 381 542 485 745 865 859 865 269 426 611 302 261 242 434 124 460 124 866 518 436 939 497 939 121 549 646 530 122 530 432 608 170 608 693 156 262 156 50 839 920 774 458 949 755 949 438 492 598 492 289 905 130 905 228 936 766 936 669 347 555 347 935 239 203 749 316 749 990 572 355 572 703 901 618 901 201 2 665 2 440 728 178 728 198 266 459 179 1000 179 473 11 190 104 679 104 464 882 822 315 880 315 977 984 31 188 211 809 422 55 813 576 751 651 419 651 353 339 559 339 111 342 129 234 376 300 969 300 954 789 595 789 938 184 157 184 399 592 640 386 785 386 827 318 463 318 887 401 229 56 762 14 899 14 647 214 620 772 210 330 610 330 577 638 674 51 831 51 226 285 763 285 950 781 421 664 550 664 162 590 851 498 816 284 217 284 729 483 375 483 469 107 265 107 333 522 888 836 8 656 569 88 112 88 250 976 706 49 961 398 737 398 53 843 450 223 415 626 4 626 68 944 28 615 606 615 253 659 910 659 26 877 894 877 648 645 275 645 998 796 985 457 479 627 505 295 446 295 471 680 277 798 596 929 875 929 22 682 224 145 676 145 108 649 770 150 667 150 821 997 383 81 427 726 120 675 208 675 684 25 964 25 727 662 692 416 599 416 980 958 520 343 387 343 455 736 841 736 216 906 194 906 917 681 174 681 534 329 900 69 481 69 65 847 86 593 222 593 243 642 414 642 309 281 327 523 967 814 400 616 515 723 154 447 539 630 379 630 44 215 932 215 323 452 994 452 951 733 790 996 34 428 377 897 571 794 924 794 696 405 307 89 158 268 1001 349 801 349 960 454 543 454 461 928 470 928 93 221 380 361 200 702 391 702 828 773 235 773 833 771 808 366 390 797 374 797 396 842 308 449 435 392 21 392 402 764 730 700 1001 700 359 80 1001 248 418 941 1001 919 528 502 853 791 1001 