25
0110100011010001101000100
0110101011010001101000100
1110101011010001101000100
0000111011010001101000100
0100000011010001101000100
0111110011010001101000100
0111000011010001101000100
0110100011010001101000100
0110101011010001101000100
1110101011010001101000100
0000111011010001101000100
0100000011010001101000100
0111110011010001101000100
0111000011010001101000100
0110100011010001101000100
0110101011010001101000100
1110101011010001101000100
0000111011010001101000100
0100000011010001101000100
0111110011010001101000100
0111000011010001101000100
0100000011010001101000100
0111110011010001101000100
0111000011010001101000100
0111000011010001101000100