10
6
7 3 5 2 4 6
6
3 1 4 16 23 12
8
18 57 11 52 14 45 63 40
10
92 20 99 54 16 34 93 56 28 94
50
2239 233 740 895 804 2360 70 1807 1229 1041 2451 388 1908 2080 787 1247 2055 974 262 886 63 2217 1641 1993 458 649 736 1905 2046 216 2150 1364 2293 1366 1242 44 1320 913 1964 428 833 2386 691 2128 305 2477 1622 84 1513 1385
111
3868 7693 11799 8072 2448 1268 6280 2138 5036 4895 320 4151 2226 10404 7623 8940 3550 4940 7883 7485 3782 5213 434 10296 540 10237 2017 3785 4725 4906 2656 6166 6192 4044 6952 8838 3438 1626 5713 11225 7560 6416 3407 5545 1572 6461 10560 10663 10460 5929 7588 1058 2762 3985 11215 2258 6817 3635 3549 854 11260 1738 6757 2061 372 10650 6258 3798 9748 1612 9040 22 11058 1215 1632 9583 7574 118 1017 10302 6401 5238 9929 9664 6315 8856 6648 7311 8200 7949 5136 6553 2198 5294 12064 4392 7473 5020 11199 895 1544 7320 10637 5652 10126 1109 9151 2961 2802 10969 6525
200
28093 16979 3711 21094 15068 7340 16023 30707 20214 24405 20978 8996 14302 5740 17281 17718 15278 25137 6874 20084 13392 29810 17375 14160 17475 582 2458 8114 18587 32254 14444 30864 11338 11609 11111 27583 159 28663 18680 30217 32524 18960 13001 26495 22572 1894 11493 15888 29700 2680 30 3675 1930 7161 23468 28354 9059 20096 31254 6336 8177 19073 3414 13436 2701 5756 13880 670 30737 12148 2819 22625 24730 1443 29019 8681 26764 12652 20326 24280 15062 29841 22574 19740 22647 23462 30534 13834 321 5062 8113 4529 6620 18564 511 29800 13071 7716 28089 31402 5691 7180 25087 10020 31528 7029 4464 26379 19204 3686 23882 12467 5289 13027 3026 28766 5663 1634 15863 14162 32610 3454 26674 24878 21093 17391 21168 9085 1110 18618 25779 15244 17444 6821 16182 11897 2623 30958 27344 20365 21919 15420 7386 203 14855 15318 22484 25033 9099 4883 27397 24767 29520 23314 5474 25054 22931 11434 20401 28899 4332 32420 494 12523 24276 13352 10222 32393 32102 28534 10562 30742 21090 31959 26718 24648 6007 27090 19707 3846 22466 7330 19897 25723 26258 32744 15625 29290 13166 5790 20417 8025 3148 50 19056 14164 5502 13680 27515 30757
225
13429 19599 334 32599 13853 11806 9298 19842 31551 20494 27069 32204 25080 18779 14510 5808 25450 18671 30073 22526 14769 29635 30527 10787 8728 28231 31683 4779 3981 5380 3448 20996 24915 10367 4063 3717 29175 28769 26127 12462 4741 6614 26517 21682 17915 21811 6015 30002 20734 30427 20916 13132 29132 8035 25223 24532 21618 12020 15499 10721 5951 2033 16552 5772 29560 25818 19566 9716 24141 17777 682 18822 13836 14107 567 3963 20373 31880 32535 10145 30734 22678 29122 9567 16088 115 20670 8947 7105 30978 2160 10751 17787 25473 9522 1348 19533 32104 25510 24493 19720 22420 6985 21647 20541 2212 14155 21807 10669 24228 12702 1925 27649 21481 17485 575 17595 19259 17679 2569 21613 22330 24348 13324 22312 4346 7999 4532 12600 16881 1580 18871 13326 25875 5397 16979 12158 17211 2168 16599 9003 11981 13627 8804 9279 8857 15354 4597 19295 18435 1696 24477 16094 10337 17460 23824 11568 3493 22262 25445 19362 22076 26795 26138 11593 16438 6453 14169 1592 28582 31590 24953 12022 13388 21526 14792 31792 21105 20339 4232 16042 21267 8345 8759 32635 8002 16227 11796 19578 27338 14464 21982 10484 12818 17353 10975 30368 20292 5329 3113 27348 27310 6590 14880 25592 19049 7256 17208 13116 17720 31072 11776 11910 23730 25123 1120 7854 17060 23631 9246 24046 19889 29700 30887 14996
433
8507 21550 525 29178 3207 14611 19788 22456 25883 28968 16849 32024 24683 24617 26685 27851 12469 14440 3686 20186 26922 24166 27806 2271 27982 10912 12345 11892 28577 32171 3913 21996 17279 23171 18860 9537 1605 31521 15177 11086 25525 4939 25494 22846 31132 13744 1630 12357 7857 3892 18881 30606 4289 27785 30076 3700 19977 15871 14186 12020 7652 3485 4427 13410 3238 7024 21445 14940 24263 5155 19112 10237 16196 5584 32374 31570 11586 30486 12067 26898 27892 1132 27673 9353 32704 10164 28031 25558 26525 11796 4795 29782 14784 8193 10805 29536 17527 24476 26206 32563 19541 322 9202 29740 9359 4702 25978 2621 9894 17026 10260 26266 19782 8887 30070 30133 30319 28433 22321 8557 4306 5766 3891 14210 14462 29951 14736 5197 1723 29616 15234 26030 6454 933 9134 6725 5215 9886 24488 20709 9488 31261 27322 23621 17775 30909 23009 12025 18709 26053 26905 17313 29808 5885 28122 21857 9061 21219 31889 17210 10323 310 949 9140 8310 23140 2223 25468 29752 10250 15923 31687 17423 9372 24956 12086 6439 353 14397 24571 29435 3519 10971 4414 21283 25529 20185 6079 15212 15798 30100 15804 21038 22916 4912 24085 8410 3228 4562 15022 8403 28072 25871 4629 2687 14146 29093 14437 6813 18431 7529 16857 25516 7041 14853 29341 6615 18643 18130 299 30098 11453 3593 18921 23155 29191 20130 4603 13023 27670 5821 22039 21384 31842 25408 31637 14389 27690 25282 6086 32194 16775 15719 15869 5517 8470 11581 3128 30184 12836 10749 13174 8168 27691 3595 8738 4003 17665 31156 12771 18544 16814 28852 24338 32401 2427 28924 5233 1046 12107 26290 24346 31997 9518 8568 7861 7838 3636 12017 1518 32327 25215 16001 32551 13091 6556 29269 18793 20320 20244 16804 24993 29840 5437 20532 3081 1872 27222 24351 4580 17960 979 15063 1902 18355 25590 19048 11795 9216 28063 9213 18143 19767 27237 19110 26934 23424 14053 31064 12741 20512 2394 7990 23992 5093 1647 28942 9773 13509 6225 13351 28649 9922 15367 9786 9034 3089 14598 9918 16509 18554 30464 1384 1009 25602 26110 6643 12044 200 11438 2333 18716 26669 4350 23282 27792 29495 20201 17996 29800 21048 20881 21915 7658 30634 655 18658 29335 10846 9095 22786 3677 726 26111 16443 5646 22511 13681 11248 29201 24258 26526 31658 8536 461 18214 29024 14481 13134 11350 14070 16112 6209 23811 28494 24233 1554 14039 22843 5859 26272 14269 13338 7642 31299 13693 21061 31975 13349 14253 1336 22622 7945 28767 6985 20731 4873 20516 18674 24668 7698 31936 28214 12935 6120 7037 21895 31033 30754 24352 23016 2426 19830
500
12828 14415 30581 14902 20742 4173 9351 6683 26953 22512 29590 13634 4123 18153 6052 9332 9647 31978 12451 19114 30892 26450 10891 2000 15839 10764 4779 2250 12332 4020 22332 22709 27851 17660 9532 5999 24497 25423 22650 31065 21579 3764 12781 29787 32370 10996 18505 15913 3996 27647 26324 32709 11343 17804 20086 25158 21980 32256 3344 22743 7241 26769 24335 19458 11407 2731 20289 2607 3846 12434 2279 8551 10781 13642 4107 1630 23886 436 21524 11441 18513 1785 20631 29804 4752 14379 12400 4303 18140 18218 10002 19538 5982 10437 29723 19942 7632 9250 17708 17278 27629 29024 27127 5582 37 11130 3737 2386 29334 6511 28715 28819 28216 4768 16275 21414 19031 633 9888 12533 22599 20307 9047 15170 14675 10393 11655 14568 20726 42 23204 26724 10062 13055 29649 3605 20429 9486 12863 3904 10290 21614 5558 15959 951 10171 2417 15483 5772 31676 19247 5183 13701 13379 18567 29103 15888 21589 26236 7057 14953 24971 26449 4586 5649 5816 25247 30148 30332 10700 932 7727 3081 10489 478 32390 28472 13076 2008 16883 24088 3901 31813 16437 28158 26562 24907 12193 1404 11329 15905 14439 12945 24333 19735 12574 20947 13958 27748 13721 5502 3953 12327 20485 8535 13770 19879 31522 30065 6257 27415 11233 15428 23560 28256 29978 12184 15435 10529 4993 17573 6047 1524 30167 25464 22765 6900 5469 11672 13232 17788 12942 6122 26189 13105 18957 23506 30372 31810 21981 923 7396 13038 11984 5657 20643 3143 8770 9612 11310 1590 4102 17864 6685 11968 9377 11667 299 28807 950 1871 25157 2196 30402 13529 7393 2387 29706 2736 19857 3807 4561 18010 31448 2176 14797 17411 1084 15219 12508 14184 1948 25321 18164 27635 12484 4433 17240 20519 10047 14042 24850 20543 3692 28980 28573 17426 19413 2199 27618 29754 1979 15879 9574 31349 7158 20182 17345 331 25852 20842 16466 9970 10559 10289 1902 2748 16433 14949 12796 14032 19189 13911 3505 18510 28389 28295 29023 4048 31493 29566 29368 13898 30273 27396 12470 28133 23799 26514 7482 9482 22454 21514 2547 28604 20294 18342 31873 6956 488 22062 3546 8071 32222 12399 25619 9518 10472 15494 2426 7844 28870 29810 11878 22550 8467 19939 25165 32235 25642 31510 14991 3038 21358 18994 15806 23296 23867 17268 6460 20732 18205 29321 21772 5279 8256 24379 31202 27544 14376 31056 23932 9596 28066 31663 2357 14349 27131 2757 28376 28859 7279 4647 24498 24427 2532 9593 31211 24184 17625 26766 22 23543 8601 17104 20230 18496 31412 25059 26083 19882 6575 20357 13438 13717 6139 7865 9186 7854 19492 29732 3372 26734 5963 28087 4764 30692 9942 11662 3819 14773 32358 3096 1377 24073 13689 2334 17863 22706 13868 2796 12006 15085 15143 26872 16823 2006 8083 18561 12790 27336 15089 3084 32677 11532 5492 11985 15787 18490 27495 16575 11723 25178 18626 25536 21834 763 11838 30497 17760 1310 5862 15667 2895 8736 19884 24768 30031 24945 9743 27098 9080 31184 30366 9316 879 28259 4539 17867 12101