10
3 2
1 5 3
8 3
5 10
2 12 13 11 18
17 4 7 20 3 9 7 9 20 5
10 12
10 13 14 6 19 11 5 20 11 14
5 18 17 8 9 17 18 4 1 16 15 13
3 2
15 20 18
10 10
3 5
20 20 15
20 10 10 5 1
15 20
17 7 8 20 11 1 14 10 9 12 15 16 18 4 16
11 11 15 11 16 20 19 14 7 1 16 4 13 6 8 3 4 6 16 18
20 30
2 3 1 15 1 9 3 19 18 14 20 5 7 12 16 12 2 5 20 13
7 7 12 1 9 10 17 7 18 11 3 8 12 6 4 6 10 15 18 11 14 9 9 14 10 19 7 11 14 19
30 30
10 15 8 8 13 9 11 11 16 13 19 12 13 2 2 6 17 2 19 4 18 7 11 6 3 13 4 7 10 1
11 16 15 1 9 7 17 19 12 1 19 14 11 4 17 7 11 18 15 13 3 6 13 7 2 16 11 13 20 3
35 50
7 13 3 20 1 3 3 10 2 4 3 12 4 11 17 14 4 20 15 12 5 17 20 12 13 14 11 6 18 5 10 20 14 10 13
10 14 11 16 8 19 7 11 3 14 8 16 18 2 10 10 13 7 10 20 5 9 19 16 1 14 12 1 20 8 18 7 12 10 20 17 18 9 12 15 19 6 7 6 7 2 4 4 9 20
50 50
3 14 16 2 13 5 9 10 20 1 3 7 12 5 9 12 8 13 9 16 13 8 5 20 14 17 12 1 1 12 15 1 3 4 11 8 20 13 13 3 9 4 3 6 3 12 4 2 9 12
20 13 17 14 12 5 7 2 17 15 13 19 7 1 10 13 15 6 1 8 10 4 17 8 6 5 11 13 19 2 15 5 7 18 15 12 9 11 16 3 8 6 10 12 10 7 10 9 11 18