10
5
20 23
17 20
23 24
4 14
8 18
10
14 23
2 19
1 22
12 24
21 23
6 15
20 24
1 4
6 15
15 16
15
18 19
2 7
11 15
13 16
23 24
2 14
13 22
20 23
13 19
7 15
5 21
20 24
16 22
17 21
9 24
20
16 20
1 2
7 9
5 10
8 21
4 17
2 14
8 11
8 20
2 14
15 17
19 24
22 23
0 20
1 17
21 24
7 16
14 20
22 23
18 23
24
2 15
9 20
5 6
15 24
20 22
1 18
22 24
16 21
3 20
4 16
2 22
18 23
11 14
9 23
14 15
17 19
20 24
5 17
5 23
19 21
17 21
2 5
11 20
19 21
30
18 23
3 7
18 21
15 19
12 14
17 23
17 24
11 16
20 21
17 22
16 19
12 14
15 24
20 24
14 21
13 22
21 23
21 22
19 21
13 21
9 20
15 18
22 24
23 24
3 15
4 14
8 14
17 19
23 24
7 12
33
14 23
22 23
19 24
11 21
12 20
12 20
4 17
10 18
5 15
22 23
10 23
7 15
19 21
19 22
7 19
20 23
5 22
13 20
20 23
21 23
12 17
3 21
20 23
3 17
14 17
7 15
7 24
18 19
3 19
9 15
9 14
19 22
2 24
50
2 3
16 18
3 14
21 24
2 23
1 17
1 7
1 21
3 15
4 8
12 15
23 24
4 16
19 24
11 21
13 24
7 13
23 24
11 23
6 15
2 15
3 21
5 24
14 18
10 23
15 24
6 15
7 24
11 19
23 24
5 10
14 19
1 13
17 18
8 17
15 16
11 21
19 21
15 21
13 23
3 7
2 22
23 24
19 21
7 24
4 18
16 17
6 8
11 17
15 18
60
8 24
7 8
12 15
7 23
6 23
6 18
6 20
12 15
0 16
10 19
0 20
1 18
5 10
3 15
19 22
7 15
19 20
16 21
22 24
0 8
19 22
1 17
5 16
13 14
0 13
6 22
5 24
0 5
4 16
22 24
9 21
2 4
10 21
9 20
9 16
15 24
5 14
22 24
13 14
13 24
16 20
15 20
14 21
16 24
4 18
7 17
22 23
1 15
21 24
19 22
3 12
2 8
21 24
22 24
17 21
4 8
15 20
3 21
13 23
1 21
100
13 15
23 24
18 22
10 23
19 22
12 18
7 24
10 11
2 24
7 19
15 24
2 14
22 24
19 22
15 20
11 24
0 17
20 21
4 16
7 24
21 22
13 22
3 13
0 3
13 19
19 22
7 16
15 16
5 6
7 17
7 21
22 23
5 6
0 8
5 13
22 24
11 20
14 20
16 24
19 21
6 7
8 24
18 22
19 21
3 22
23 24
11 15
18 20
11 14
1 21
20 21
17 19
3 18
0 22
21 23
10 21
20 23
8 20
8 18
14 21
9 22
20 23
19 22
0 6
3 15
17 23
2 14
23 24
16 19
9 21
19 22
15 16
15 23
10 19
0 8
16 18
6 8
4 16
16 22
14 18
13 22
7 9
6 13
15 21
8 10
3 11
17 19
9 18
17 23
5 19
3 5
1 19
11 22
9 20
10 24
5 19
0 20
10 20
9 15
3 14
