10
3
0 18 34
48 0 55
18 7 0
4
0 83 65 97
82 0 78 6
19 19 0 82
6 34 94 0
5
0 9 26 85 42
14 0 84 31 27
58 88 0 16 46
83 61 94 0 17
40 71 24 38 0
5
0 6 47 9 67
18 0 88 54 22
60 56 0 86 56
49 54 89 0 79
25 84 32 4 0
6
0 23 86 39 91 9
36 0 64 56 72 44
21 11 0 57 81 45
23 92 11 0 26 51
59 49 90 39 0 20
5 73 30 36 65 0
7
0 63 78 32 34 53 40
13 0 22 70 91 2 83
55 66 0 88 88 21 85
69 48 83 0 30 80 58
97 50 76 93 0 66 78
69 26 98 4 1 0 62
42 9 20 19 80 95 0
8
0 78 9 40 31 98 49 71
28 0 14 83 50 68 72 14
88 31 0 66 45 72 91 98
26 34 68 0 41 10 65 96
1 88 83 77 0 52 50 66
13 33 3 52 51 0 84 13
19 59 28 11 61 57 0 40
91 65 23 42 87 86 93 0
9
0 62 27 51 90 73 56 89 82
67 0 44 93 9 82 47 42 98
39 37 0 55 80 89 98 39 41
38 77 91 0 8 64 86 95 36
70 68 4 60 0 2 97 31 85
66 41 54 94 86 0 41 41 40
33 70 96 95 44 87 0 64 24
5 54 69 67 78 61 23 0 86
68 5 93 62 97 57 61 1 0
10
0 89 94 52 36 32 3 72 85 16
33 0 53 49 28 49 2 86 75 83
87 8 0 44 10 51 70 54 9 68
34 21 33 0 59 72 72 72 62 78
50 8 80 78 0 36 58 7 73 22
10 40 44 85 36 0 9 17 66 87
86 46 26 69 45 96 0 75 83 21
81 49 52 34 55 22 92 0 30 93
38 84 9 83 56 60 87 41 0 66
93 65 70 99 11 54 9 75 80 0
10
0 11 60 14 27 67 44 48 16 85
80 0 72 55 11 42 64 62 84 80
5 48 0 74 62 47 44 65 26 41
55 6 86 0 93 47 28 17 35 42
40 10 97 60 0 8 57 74 48 31
70 52 52 33 46 0 91 81 55 23
51 88 83 25 41 56 0 10 42 66
82 30 41 85 66 3 60 0 20 87
65 68 51 86 24 57 39 22 0 21
51 85 25 3 75 4 35 70 97 0